[MyCamera]
cameraMatrix0=1146.925302
cameraMatrix1=0
cameraMatrix2=970.603407
cameraMatrix3=0
cameraMatrix4=1144.955528
cameraMatrix5=563.098414
cameraMatrix6=0
cameraMatrix7=0
cameraMatrix8=1
distCoeffs=
distCoeffs0=-0.094859
distCoeffs1=0.085453
distCoeffs2=0.002467
distCoeffs3=-0.002230
distCoeffs4=0.00000
isDistort=0

[SetUpOption]
camerartsp=rtsp://admin:123456@192.168.123.104:554/stream1
#camerartsp=rtsp://127.0.0.1:8554/test
[myboard]
boardcol=6
boardrow=8
boardtype=0
perlong=25
perwide=25
